uri:/instrument/1.0/ANGI/chartdata;type=quote;range=1d/csv
ticker:angi
Company-Name:Angie's List, Inc.
Exchange-Name:NMS
unit:MIN
timezone:EDT
currency:USD
gmtoffset:-14400
previous_close:6.1100
Timestamp:1431523800,1431547200
labels:1431525600,1431529200,1431532800,1431536400,1431540000,1431543600,1431547200
values:Timestamp,close,high,low,open,volume
close:6.1000,6.1900
high:6.1000,6.1900
low:6.0800,6.1800
open:6.1000,6.1810
volume:100,56800
1431523821,6.1200,6.1200,6.1000,6.1000,6500
1431523920,6.1100,6.1100,6.1100,6.1100,1500
1431524024,6.1100,6.1100,6.1100,6.1100,100
1431524048,6.1000,6.1100,6.1000,6.1100,300
1431524133,6.1000,6.1000,6.1000,6.1000,500
1431524165,6.1160,6.1160,6.1000,6.1001,4900
1431524273,6.1000,6.1000,6.1000,6.1000,100
1431524483,6.1100,6.1200,6.1100,6.1100,1200
1431524537,6.1200,6.1256,6.1200,6.1256,1100
1431524594,6.1238,6.1238,6.1238,6.1238,100
1431524691,6.1300,6.1400,6.1300,6.1300,2400
1431524752,6.1300,6.1300,6.1300,6.1300,200
1431524797,6.1400,6.1400,6.1300,6.1380,900
1431524869,6.1100,6.1400,6.1100,6.1350,2200
1431524937,6.1400,6.1400,6.0800,6.1100,15500
1431524999,6.1100,6.1445,6.1100,6.1400,12600
1431525058,6.1300,6.1700,6.1100,6.1100,22100
1431525108,6.1600,6.1700,6.1400,6.1500,23100
1431525178,6.1598,6.1653,6.1598,6.1600,5600
1431525221,6.1500,6.1500,6.1500,6.1500,5300
1431525513,6.1300,6.1300,6.1300,6.1300,100
1431525599,6.1301,6.1500,6.1300,6.1500,5300
1431525610,6.1200,6.1500,6.1200,6.1300,7000
1431525688,6.1200,6.1255,6.1200,6.1255,900
1431525770,6.1000,6.1100,6.1000,6.1100,600
1431525817,6.1000,6.1000,6.1000,6.1000,200
1431525875,6.1253,6.1253,6.1000,6.1000,18500
1431525948,6.1390,6.1390,6.1340,6.1340,1400
1431526015,6.1400,6.1450,6.1300,6.1350,2600
1431526060,6.1500,6.1500,6.1500,6.1500,100
1431526120,6.1400,6.1400,6.1400,6.1400,500
1431526192,6.1450,6.1450,6.1450,6.1450,100
1431526209,6.1455,6.1455,6.1455,6.1455,300
1431526285,6.1500,6.1500,6.1300,6.1400,6900
1431526334,6.1600,6.1600,6.1600,6.1600,900
1431526435,6.1600,6.1600,6.1600,6.1600,600
1431526507,6.1400,6.1500,6.1400,6.1500,600
1431526639,6.1300,6.1300,6.1300,6.1300,200
1431526726,6.1200,6.1300,6.1200,6.1300,200
1431526774,6.1200,6.1200,6.1200,6.1200,100
1431526848,6.1200,6.1200,6.1100,6.1200,3100
1431526903,6.1200,6.1200,6.1200,6.1200,200
1431526952,6.1200,6.1200,6.1200,6.1200,100
1431527099,6.1200,6.1200,6.1200,6.1200,100
1431527116,6.1200,6.1200,6.1200,6.1200,100
1431527176,6.1300,6.1300,6.1200,6.1200,900
1431527251,6.1322,6.1322,6.1322,6.1322,100
1431527397,6.1200,6.1232,6.1200,6.1232,300
1431527459,6.1200,6.1200,6.1200,6.1200,100
1431527522,6.1400,6.1400,6.1200,6.1200,200
1431527637,6.1200,6.1300,6.1100,6.1200,3300
1431527679,6.1200,6.1200,6.1100,6.1100,2700
1431527759,6.1000,6.1300,6.1000,6.1200,4400
1431527797,6.1400,6.1400,6.1000,6.1000,11700
1431527922,6.1300,6.1400,6.1300,6.1300,1100
1431527973,6.1400,6.1400,6.1300,6.1350,500
1431528087,6.1300,6.1400,6.1300,6.1400,12000
1431528170,6.1500,6.1500,6.1300,6.1300,1600
1431528222,6.1600,6.1600,6.1500,6.1500,3100
1431528260,6.1500,6.1500,6.1400,6.1500,3500
1431528359,6.1600,6.1600,6.1450,6.1450,5900
1431528382,6.1700,6.1700,6.1550,6.1600,9100
1431528458,6.1900,6.1900,6.1700,6.1700,10300
1431528593,6.1700,6.1820,6.1700,6.1810,4600
1431528649,6.1900,6.1900,6.1750,6.1800,900
1431528691,6.1800,6.1800,6.1800,6.1800,2500
1431528767,6.1750,6.1800,6.1750,6.1800,200
1431528839,6.1800,6.1800,6.1700,6.1700,1000
1431528987,6.1700,6.1700,6.1619,6.1619,1600
1431529044,6.1700,6.1700,6.1700,6.1700,100
1431529129,6.1700,6.1700,6.1700,6.1700,700
1431529199,6.1500,6.1600,6.1500,6.1600,2000
1431529250,6.1400,6.1500,6.1400,6.1500,600
1431529280,6.1300,6.1400,6.1300,6.1400,1900
1431529370,6.1300,6.1400,6.1250,6.1300,600
1431529432,6.1300,6.1300,6.1300,6.1300,200
1431529467,6.1400,6.1400,6.1300,6.1300,800
1431529558,6.1500,6.1500,6.1400,6.1400,1800
1431529569,6.1500,6.1500,6.1500,6.1500,100
1431529641,6.1600,6.1600,6.1600,6.1600,300
1431529710,6.1501,6.1600,6.1500,6.1550,500
1431529759,6.1500,6.1500,6.1500,6.1500,800
1431529946,6.1700,6.1700,6.1450,6.1450,1500
1431530007,6.1600,6.1700,6.1600,6.1600,2900
1431530071,6.1500,6.1500,6.1500,6.1500,100
1431530124,6.1600,6.1600,6.1600,6.1600,100
1431530339,6.1600,6.1600,6.1600,6.1600,800
1431530340,6.1700,6.1700,6.1600,6.1600,1300
1431530458,6.1700,6.1700,6.1630,6.1630,1100
1431530511,6.1700,6.1700,6.1700,6.1700,100
1431530629,6.1610,6.1610,6.1610,6.1610,100
1431530699,6.1600,6.1700,6.1600,6.1700,3600
1431530808,6.1500,6.1500,6.1500,6.1500,200
1431530853,6.1500,6.1500,6.1500,6.1500,800
1431530989,6.1400,6.1400,6.1400,6.1400,1000
1431531028,6.1450,6.1500,6.1400,6.1400,500
1431531130,6.1450,6.1600,6.1450,6.1500,1300
1431531229,6.1528,6.1555,6.1528,6.1555,400
1431531272,6.1500,6.1500,6.1500,6.1500,100
1431531367,6.1600,6.1600,6.1600,6.1600,100
1431531517,6.1550,6.1550,6.1500,6.1500,200
1431531582,6.1600,6.1600,6.1500,6.1505,700
1431531627,6.1600,6.1600,6.1600,6.1600,200
1431531823,6.1600,6.1600,6.1600,6.1600,200
1431531873,6.1700,6.1700,6.1550,6.1600,5400
1431531934,6.1600,6.1650,6.1600,6.1600,1800
1431531995,6.1500,6.1500,6.1500,6.1500,100
1431532038,6.1700,6.1700,6.1550,6.1550,700
1431532091,6.1700,6.1700,6.1700,6.1700,200
1431532199,6.1600,6.1650,6.1500,6.1600,4100
1431532238,6.1500,6.1700,6.1500,6.1600,5000
1431532343,6.1400,6.1400,6.1400,6.1400,100
1431532384,6.1500,6.1500,6.1400,6.1400,300
1431532473,6.1400,6.1400,6.1400,6.1400,100
1431532531,6.1400,6.1400,6.1400,6.1400,100
1431532610,6.1500,6.1500,6.1400,6.1500,2100
1431532724,6.1600,6.1600,6.1500,6.1600,2700
1431532758,6.1500,6.1500,6.1500,6.1500,100
1431532824,6.1500,6.1500,6.1500,6.1500,100
1431533010,6.1600,6.1600,6.1600,6.1600,100
1431533084,6.1700,6.1700,6.1500,6.1600,5200
1431533107,6.1600,6.1600,6.1500,6.1600,1200
1431533277,6.1600,6.1600,6.1600,6.1600,100
1431533310,6.1600,6.1600,6.1600,6.1600,200
1431533625,6.1500,6.1550,6.1500,6.1550,200
1431533676,6.1600,6.1700,6.1500,6.1500,10300
1431533783,6.1700,6.1700,6.1600,6.1600,1300
1431533937,6.1600,6.1700,6.1500,6.1700,2400
1431533967,6.1500,6.1500,6.1500,6.1500,100
1431534008,6.1500,6.1500,6.1500,6.1500,200
1431534122,6.1600,6.1600,6.1600,6.1600,100
1431534270,6.1600,6.1600,6.1600,6.1600,100
1431534359,6.1500,6.1550,6.1400,6.1500,3000
1431534405,6.1500,6.1600,6.1500,6.1600,1900
1431534478,6.1500,6.1600,6.1300,6.1545,8000
1431534896,6.1400,6.1400,6.1400,6.1400,100
1431534913,6.1500,6.1500,6.1500,6.1500,700
1431535061,6.1400,6.1500,6.1400,6.1500,300
1431535136,6.1500,6.1500,6.1400,6.1400,200
1431535376,6.1400,6.1455,6.1400,6.1455,200
1431535499,6.1400,6.1400,6.1400,6.1400,100
1431535589,6.1400,6.1500,6.1400,6.1400,300
1431535676,6.1600,6.1600,6.1500,6.1500,1200
1431535943,6.1600,6.1600,6.1500,6.1550,6600
1431536142,6.1500,6.1600,6.1500,6.1500,2600
1431536239,6.1500,6.1510,6.1400,6.1400,900
1431536305,6.1500,6.1500,6.1500,6.1500,100
1431536362,6.1700,6.1700,6.1501,6.1501,2100
1431536517,6.1600,6.1700,6.1501,6.1501,1200
1431536607,6.1600,6.1600,6.1600,6.1600,100
1431536741,6.1600,6.1700,6.1500,6.1600,2100
1431536803,6.1500,6.1500,6.1500,6.1500,100
1431536866,6.1600,6.1700,6.1550,6.1550,18600
1431536913,6.1700,6.1700,6.1700,6.1700,500
1431537087,6.1600,6.1600,6.1600,6.1600,1000
1431537179,6.1480,6.1480,6.1480,6.1480,2400
1431537237,6.1500,6.1500,6.1500,6.1500,200
1431537385,6.1550,6.1550,6.1500,6.1500,500
1431537454,6.1500,6.1600,6.1455,6.1500,6500
1431537525,6.1500,6.1500,6.1500,6.1500,200
1431537598,6.1500,6.1500,6.1500,6.1500,100
1431537656,6.1500,6.1500,6.1500,6.1500,1000
1431537719,6.1400,6.1400,6.1400,6.1400,100
1431537762,6.1400,6.1400,6.1400,6.1400,200
1431537835,6.1600,6.1600,6.1500,6.1500,1600
1431537892,6.1550,6.1600,6.1500,6.1600,300
1431538078,6.1500,6.1500,6.1500,6.1500,500
1431538109,6.1500,6.1500,6.1500,6.1500,4700
1431538164,6.1400,6.1400,6.1400,6.1400,300
1431538292,6.1400,6.1400,6.1400,6.1400,100
1431538356,6.1500,6.1500,6.1500,6.1500,100
1431538499,6.1300,6.1500,6.1200,6.1500,20800
1431538548,6.1200,6.1300,6.1200,6.1300,600
1431538590,6.1200,6.1200,6.1200,6.1200,300
1431538669,6.1100,6.1100,6.1100,6.1100,400
1431538692,6.1100,6.1100,6.1100,6.1100,800
1431538785,6.1000,6.1000,6.1000,6.1000,100
1431538857,6.1200,6.1200,6.1000,6.1000,5200
1431538913,6.1210,6.1210,6.1200,6.1200,7700
1431539272,6.1200,6.1250,6.1000,6.1200,7200
1431539446,6.1200,6.1200,6.1200,6.1200,100
1431539563,6.1110,6.1300,6.1110,6.1250,3400
1431539647,6.1100,6.1100,6.1100,6.1100,300
1431539749,6.1100,6.1100,6.1100,6.1100,500
1431539761,6.1200,6.1200,6.1050,6.1100,2800
1431539971,6.1200,6.1200,6.1200,6.1200,1600
1431540015,6.1200,6.1200,6.1200,6.1200,300
1431540064,6.1200,6.1200,6.1200,6.1200,300
1431540134,6.1300,6.1300,6.1300,6.1300,100
1431540206,6.1241,6.1241,6.1150,6.1200,3700
1431540253,6.1200,6.1200,6.1200,6.1200,100
1431540461,6.1300,6.1300,6.1300,6.1300,600
1431540591,6.1200,6.1200,6.1200,6.1200,500
1431540631,6.1200,6.1200,6.1200,6.1200,2600
1431540696,6.1200,6.1200,6.1200,6.1200,700
1431540723,6.1200,6.1200,6.1200,6.1200,100
1431540889,6.1200,6.1200,6.1200,6.1200,100
1431540950,6.1200,6.1200,6.1150,6.1200,2900
1431541067,6.1100,6.1100,6.1100,6.1100,200
1431541137,6.1050,6.1100,6.1050,6.1100,2300
1431541218,6.1100,6.1100,6.1100,6.1100,2400
1431541272,6.1150,6.1200,6.1150,6.1200,600
1431541361,6.1200,6.1200,6.1200,6.1200,100
1431541433,6.1116,6.1150,6.1100,6.1150,800
1431541506,6.1100,6.1100,6.1100,6.1100,100
1431541588,6.1300,6.1300,6.1200,6.1200,1000
1431541660,6.1300,6.1300,6.1300,6.1300,800
1431541727,6.1400,6.1400,6.1400,6.1400,100
1431541769,6.1300,6.1300,6.1300,6.1300,200
1431541803,6.1350,6.1350,6.1350,6.1350,200
1431541904,6.1400,6.1400,6.1340,6.1340,2200
1431541979,6.1450,6.1450,6.1349,6.1349,4100
1431542062,6.1425,6.1425,6.1400,6.1400,2200
1431542114,6.1400,6.1450,6.1400,6.1400,2800
1431542197,6.1350,6.1400,6.1350,6.1400,300
1431542303,6.1333,6.1333,6.1333,6.1333,100
1431542365,6.1356,6.1356,6.1356,6.1356,600
1431542443,6.1300,6.1300,6.1300,6.1300,400
1431542510,6.1300,6.1350,6.1300,6.1300,800
1431542520,6.1200,6.1350,6.1100,6.1350,9700
1431542699,6.1200,6.1250,6.1200,6.1250,400
1431542756,6.1150,6.1250,6.1100,6.1200,9500
1431542767,6.1150,6.1150,6.1150,6.1150,300
1431542843,6.1150,6.1150,6.1150,6.1150,200
1431543014,6.1150,6.1150,6.1100,6.1100,300
1431543064,6.1150,6.1150,6.1150,6.1150,300
1431543179,6.1250,6.1250,6.1100,6.1100,1700
1431543208,6.1116,6.1200,6.1100,6.1200,4500
1431543269,6.1300,6.1300,6.1200,6.1200,4500
1431543344,6.1300,6.1350,6.1200,6.1350,7500
1431543397,6.1150,6.1201,6.1150,6.1201,6000
1431543535,6.1150,6.1150,6.1100,6.1100,10300
1431543593,6.1150,6.1150,6.1150,6.1150,300
1431543630,6.1000,6.1150,6.0850,6.1100,18900
1431543707,6.1290,6.1299,6.1100,6.1100,17500
1431543747,6.1250,6.1250,6.1200,6.1200,6200
1431543822,6.1299,6.1299,6.1200,6.1250,2300
1431543887,6.1400,6.1400,6.1200,6.1200,4800
1431543915,6.1600,6.1600,6.1500,6.1500,2500
1431544236,6.1533,6.1600,6.1533,6.1600,1000
1431544306,6.1500,6.1500,6.1500,6.1500,500
1431544494,6.1200,6.1550,6.1200,6.1550,16800
1431544535,6.1200,6.1250,6.1200,6.1250,300
1431544610,6.1200,6.1200,6.1200,6.1200,300
1431544671,6.1200,6.1200,6.1200,6.1200,100
1431544721,6.1250,6.1250,6.1200,6.1200,1100
1431544746,6.1200,6.1200,6.1200,6.1200,100
1431544859,6.1200,6.1300,6.1100,6.1200,11000
1431544912,6.1135,6.1250,6.1135,6.1200,2500
1431544956,6.1100,6.1100,6.1100,6.1100,500
1431545019,6.1100,6.1100,6.1100,6.1100,1100
1431545061,6.1300,6.1300,6.1200,6.1200,11100
1431545135,6.1300,6.1300,6.1300,6.1300,100
1431545263,6.1300,6.1300,6.1300,6.1300,100
1431545310,6.1400,6.1400,6.1400,6.1400,400
1431545400,6.1400,6.1400,6.1400,6.1400,100
1431545513,6.1300,6.1350,6.1300,6.1350,200
1431545549,6.1400,6.1400,6.1316,6.1350,1100
1431545614,6.1400,6.1400,6.1300,6.1300,200
1431545689,6.1300,6.1350,6.1300,6.1350,600
1431545752,6.1300,6.1350,6.1300,6.1300,300
1431545785,6.1300,6.1400,6.1300,6.1350,1200
1431545827,6.1250,6.1350,6.1250,6.1350,1800
1431545930,6.1200,6.1200,6.1200,6.1200,100
1431545979,6.1300,6.1300,6.1250,6.1300,3500
1431546029,6.1300,6.1350,6.1300,6.1350,300
1431546088,6.1300,6.1350,6.1300,6.1350,200
1431546177,6.1300,6.1350,6.1300,6.1350,300
1431546180,6.1316,6.1316,6.1316,6.1316,400
1431546292,6.1300,6.1400,6.1300,6.1350,2000
1431546307,6.1300,6.1350,6.1300,6.1300,400
1431546415,6.1400,6.1400,6.1200,6.1362,11800
1431546537,6.1400,6.1400,6.1400,6.1400,600
1431546558,6.1300,6.1400,6.1300,6.1400,400
1431546657,6.1600,6.1600,6.1400,6.1400,13000
1431546714,6.1550,6.1600,6.1450,6.1516,7700
1431546774,6.1510,6.1600,6.1500,6.1600,1700
1431546829,6.1600,6.1600,6.1416,6.1550,6500
1431546840,6.1600,6.1600,6.1500,6.1600,2800
1431546954,6.1550,6.1600,6.1500,6.1550,12300
1431547019,6.1600,6.1600,6.1500,6.1600,7400
1431547078,6.1545,6.1600,6.1516,6.1600,2100
1431547137,6.1500,6.1600,6.1500,6.1516,2000
1431547140,6.1550,6.1600,6.1500,6.1500,20700
1431547200,6.1600,6.1600,6.1600,6.1600,56800
                                                                                                                                                        