uri:/instrument/1.0/IVAC/chartdata;type=quote;range=1d/csv
ticker:ivac
Company-Name:Intevac, Inc.
Exchange-Name:NMS
unit:MIN
timezone:EDT
currency:USD
gmtoffset:-14400
previous_close:5.1700
Timestamp:1431437400,1431460800
labels:1431439200,1431442800,1431446400,1431450000,1431453600,1431457200,1431460800
values:Timestamp,close,high,low,open,volume
close:5.1600,5.4300
high:5.1700,5.4300
low:5.1600,5.4100
open:5.1600,5.4100
volume:0,4600
1431437516,5.4000,5.4000,5.4000,5.4000,2200
1431437591,5.4100,5.4100,5.4100,5.4100,100
1431438001,5.4300,5.4300,5.4100,5.4100,300
1431438178,5.4100,5.4100,5.3700,5.3800,2800
1431438187,5.4000,5.4100,5.4000,5.4100,1200
1431438380,5.3400,5.3600,5.3400,5.3500,1000
1431438444,5.3200,5.3200,5.3200,5.3200,100
1431438494,5.3200,5.3200,5.3100,5.3200,600
1431438797,5.3400,5.3400,5.3400,5.3400,100
1431438845,5.3100,5.3200,5.3100,5.3200,200
1431438993,5.2800,5.2900,5.2800,5.2900,300
1431439103,5.2900,5.2900,5.2900,5.2900,200
1431439197,5.2900,5.2900,5.2900,5.2900,100
1431439200,5.2700,5.2700,5.2700,5.2700,100
1431439780,5.3000,5.3000,5.2800,5.2800,400
1431439857,5.3500,5.3500,5.3200,5.3300,3700
1431439895,5.3500,5.3500,5.3500,5.3500,200
1431439974,5.3500,5.3500,5.3500,5.3500,200
1431440014,5.3400,5.3500,5.3400,5.3500,1400
1431440080,5.3200,5.3300,5.3200,5.3300,2900
1431440104,5.3000,5.3000,5.3000,5.3000,100
1431440202,5.2900,5.2900,5.2900,5.2900,100
1431440255,5.3000,5.3000,5.2800,5.2800,200
1431440394,5.2700,5.2800,5.2700,5.2800,300
1431440456,5.2600,5.2600,5.2600,5.2600,1300
1431440814,5.2300,5.2300,5.2300,5.2300,200
1431440830,5.2100,5.2100,5.2100,5.2100,100
1431440893,5.2200,5.2200,5.2200,5.2200,600
1431441106,5.2200,5.2200,5.2200,5.2200,300
1431441161,5.2400,5.2400,5.2400,5.2400,100
1431441488,5.2600,5.2600,5.2600,5.2600,600
1431441968,5.2900,5.2900,5.2900,5.2900,400
1431442133,5.3100,5.3100,5.2800,5.2800,200
1431442162,5.3000,5.3000,5.3000,5.3000,200
1431442297,5.3100,5.3100,5.2700,5.2700,300
1431442351,5.3100,5.3100,5.3100,5.3100,100
1431442464,5.3100,5.3100,5.3100,5.3100,100
1431443212,5.3100,5.3100,5.2900,5.3100,300
1431443313,5.3100,5.3100,5.3100,5.3100,100
1431443552,5.3000,5.3000,5.3000,5.3000,200
1431443587,5.3000,5.3000,5.3000,5.3000,100
1431444554,5.2500,5.2600,5.2500,5.2600,500
1431444922,5.2300,5.2500,5.2200,5.2200,1100
1431445074,5.2400,5.2450,5.2400,5.2450,200
1431445296,5.2400,5.2400,5.2400,5.2400,200
1431445799,5.2700,5.2700,5.2499,5.2500,1000
1431445808,5.2700,5.2700,5.2700,5.2700,700
1431445918,5.2500,5.2700,5.2500,5.2700,3800
1431445970,5.2200,5.2500,5.2200,5.2500,800
1431446035,5.1950,5.2150,5.1700,5.2000,4600
1431446080,5.1999,5.2000,5.1900,5.2000,900
1431446151,5.1900,5.2000,5.1900,5.2000,200
1431446405,5.1900,5.1900,5.1900,5.1900,100
1431446653,5.1900,5.1900,5.1900,5.1900,400
1431446706,5.1900,5.1900,5.1900,5.1900,600
1431447178,5.1600,5.1993,5.1600,5.1790,3800
1431447215,5.1900,5.1900,5.1800,5.1900,300
1431447245,5.1900,5.1900,5.1900,5.1900,100
1431447372,5.1900,5.1900,5.1900,5.1900,100
1431447494,5.1900,5.1900,5.1900,5.1900,100
1431447654,5.1800,5.1900,5.1800,5.1900,700
1431447661,5.1800,5.1800,5.1800,5.1800,200
1431447767,5.1950,5.2000,5.1950,5.2000,200
1431447917,5.2000,5.2000,5.2000,5.2000,200
1431448043,5.2000,5.2000,5.2000,5.2000,100
1431448156,5.2000,5.2000,5.2000,5.2000,100
1431448296,5.1950,5.2000,5.1950,5.2000,200
1431448378,5.1900,5.2000,5.1900,5.2000,200
1431448456,5.2000,5.2000,5.2000,5.2000,100
1431448580,5.2000,5.2000,5.2000,5.2000,100
1431448659,5.2000,5.2000,5.2000,5.2000,400
1431448693,5.2000,5.2000,5.2000,5.2000,600
1431448761,5.2100,5.2100,5.2100,5.2100,400
1431448817,5.2300,5.2300,5.2300,5.2300,100
1431448995,5.2300,5.2300,5.2300,5.2300,300
1431449097,5.2150,5.2250,5.2150,5.2200,1400
1431449113,5.2200,5.2200,5.2150,5.2150,300
1431449207,5.2200,5.2200,5.2200,5.2200,100
1431449238,5.2200,5.2200,5.2200,5.2200,100
1431449422,5.2200,5.2200,5.2200,5.2200,100
1431449539,5.2200,5.2200,5.2200,5.2200,100
1431449663,5.2200,5.2200,5.2200,5.2200,100
1431449789,5.2150,5.2200,5.2150,5.2200,200
1431449953,5.2193,5.2193,5.2193,5.2193,100
1431450082,5.2200,5.2200,5.2200,5.2200,100
1431450141,5.2150,5.2150,5.2150,5.2150,100
1431450196,5.2200,5.2200,5.2200,5.2200,100
1431450315,5.2200,5.2200,5.2200,5.2200,100
1431450383,5.2150,5.2200,5.2100,5.2200,900
1431450494,5.2200,5.2200,5.2200,5.2200,100
1431450652,5.2200,5.2200,5.2200,5.2200,600
1431450727,5.2200,5.2200,5.2100,5.2200,4100
1431450827,5.2300,5.2300,5.2300,5.2300,300
1431450940,5.2800,5.2800,5.2800,5.2800,200
1431451005,5.2500,5.2700,5.2500,5.2600,800
1431451315,5.2500,5.2600,5.2500,5.2500,1200
1431451348,5.2600,5.2600,5.2600,5.2600,100
1431451396,5.2550,5.2600,5.2550,5.2600,300
1431451540,5.2600,5.2600,5.2600,5.2600,200
1431451655,5.2500,5.2500,5.2500,5.2500,100
1431451780,5.2700,5.2700,5.2600,5.2600,400
1431451917,5.2750,5.2800,5.2700,5.2800,600
1431451965,5.2550,5.2750,5.2550,5.2700,500
1431451998,5.2700,5.2700,5.2700,5.2700,100
1431452197,5.2650,5.2700,5.2650,5.2700,200
1431452303,5.2700,5.2700,5.2700,5.2700,100
1431452519,5.2800,5.2800,5.2700,5.2700,1200
1431452565,5.2850,5.2850,5.2750,5.2800,1300
1431452662,5.2900,5.2900,5.2900,5.2900,100
1431452795,5.2850,5.2893,5.2850,5.2893,200
1431452959,5.2900,5.2900,5.2900,5.2900,100
1431453179,5.2900,5.2900,5.2900,5.2900,700
1431453257,5.2900,5.2900,5.2900,5.2900,100
1431453301,5.2900,5.2900,5.2850,5.2850,700
1431453436,5.2900,5.2900,5.2900,5.2900,100
1431453576,5.2900,5.2900,5.2900,5.2900,100
1431453624,5.2900,5.2900,5.2850,5.2900,1000
1431453671,5.2900,5.2900,5.2900,5.2900,500
1431453773,5.2850,5.2900,5.2800,5.2900,1400
1431453954,5.2800,5.2900,5.2800,5.2850,2400
1431454018,5.2400,5.2500,5.2400,5.2500,900
1431454063,5.2219,5.2300,5.2219,5.2300,500
1431454097,5.2300,5.2400,5.2300,5.2300,800
1431454142,5.2450,5.2450,5.2450,5.2450,400
1431454294,5.2400,5.2400,5.2400,5.2400,100
1431454360,5.2700,5.2700,5.2650,5.2650,600
1431454391,5.2400,5.2600,5.2400,5.2600,1200
1431454793,5.2100,5.2200,5.2100,5.2200,200
1431455320,5.2100,5.2100,5.2100,5.2100,100
1431455389,5.2100,5.2100,5.2100,5.2100,200
1431455499,5.2150,5.2150,5.2150,5.2150,200
1431455797,5.1700,5.2100,5.1700,5.2100,600
1431455854,5.2000,5.2000,5.1700,5.1700,200
1431456171,5.1700,5.1800,5.1700,5.1700,700
1431456205,5.1700,5.1700,5.1600,5.1600,300
1431456582,5.1800,5.1800,5.1800,5.1800,500
1431456621,5.1750,5.1800,5.1750,5.1750,300
1431456838,5.1800,5.1800,5.1800,5.1800,100
1431456855,5.1750,5.1750,5.1700,5.1700,200
1431456962,5.1750,5.1750,5.1750,5.1750,100
1431457107,5.1700,5.1700,5.1700,5.1700,300
1431457234,5.1700,5.1700,5.1700,5.1700,300
1431457557,5.1800,5.1800,5.1800,5.1800,100
1431457706,5.1800,5.1800,5.1750,5.1750,1000
1431457796,5.2000,5.2000,5.1800,5.1800,1000
1431457815,5.2000,5.2000,5.2000,5.2000,500
1431457916,5.1950,5.2000,5.1950,5.2000,500
1431458294,5.1900,5.1900,5.1900,5.1900,100
1431458377,5.2000,5.2000,5.2000,5.2000,100
1431458433,5.1900,5.1900,5.1900,5.1900,200
1431458535,5.2000,5.2100,5.2000,5.2000,700
1431458714,5.2100,5.2100,5.2000,5.2000,300
1431458937,5.2100,5.2100,5.2100,5.2100,100
1431459084,5.2050,5.2100,5.2050,5.2100,800
1431459177,5.2148,5.2148,5.2148,5.2148,100
1431459214,5.2300,5.2325,5.2200,5.2200,500
1431459275,5.2148,5.2148,5.2148,5.2148,100
1431459391,5.2300,5.2300,5.2300,5.2300,100
1431459491,5.2100,5.2400,5.2100,5.2300,500
1431459559,5.2032,5.2100,5.2032,5.2100,300
1431459711,5.1900,5.1900,5.1900,5.1900,100
1431459755,5.1900,5.1900,5.1900,5.1900,200
1431459811,5.1700,5.1700,5.1700,5.1700,300
1431459931,5.1700,5.1700,5.1700,5.1700,200
1431460053,5.1900,5.1900,5.1800,5.1800,1200
1431460085,5.2000,5.2000,5.2000,5.2000,100
1431460245,5.1900,5.1900,5.1900,5.1900,200
1431460334,5.1900,5.1900,5.1900,5.1900,400
1431460409,5.1900,5.1900,5.1900,5.1900,300
1431460550,5.1800,5.1800,5.1800,5.1800,100
1431460561,5.1900,5.1900,5.1900,5.1900,200
1431460675,5.1800,5.1900,5.1800,5.1900,900
1431460735,5.1800,5.1800,5.1800,5.1800,1100
1431460740,5.1800,5.1900,5.1800,5.1900,2300
1431460793,5.1700,5.1700,5.1700,5.1700,0
1431460800,5.1700,5.1700,5.1700,5.1700,1700
                                                                                                                              