uri:/instrument/1.0/SLGN/chartdata;type=quote;range=1d/csv
ticker:slgn
Company-Name:Silgan Holdings Inc.
Exchange-Name:NMS
unit:MIN
timezone:EDT
currency:USD
gmtoffset:-14400
previous_close:54.2100
Timestamp:1431437400,1431460800
labels:1431439200,1431442800,1431446400,1431450000,1431453600,1431457200,1431460800
values:Timestamp,close,high,low,open,volume
close:53.7500,54.4400
high:53.7500,54.4400
low:53.7500,54.4200
open:53.7500,54.4200
volume:0,18100
1431438056,54.1100,54.1200,53.7700,53.7700,600
1431438162,54.0000,54.0000,53.9750,53.9750,700
1431438258,53.7500,53.7500,53.7500,53.7500,100
1431438356,53.9900,53.9900,53.9900,53.9900,300
1431438408,53.8700,53.8900,53.8700,53.8900,500
1431438525,53.9000,53.9960,53.9000,53.9960,800
1431438677,53.9900,53.9900,53.9700,53.9700,800
1431438724,54.0500,54.0500,54.0500,54.0500,500
1431438857,53.9900,54.0100,53.9900,54.0100,500
1431439186,54.0000,54.0000,54.0000,54.0000,100
1431439317,53.9300,53.9300,53.9300,53.9300,300
1431439347,54.0900,54.0900,54.0200,54.0200,500
1431439514,54.0800,54.0800,54.0800,54.0800,100
1431439593,54.0800,54.0800,54.0400,54.0500,600
1431439670,54.0300,54.0300,54.0300,54.0300,200
1431439702,54.0300,54.0300,53.9800,54.0000,600
1431439813,53.9900,54.0100,53.9900,53.9900,1200
1431439947,53.9300,53.9700,53.9300,53.9700,600
1431440008,53.9300,53.9300,53.9300,53.9300,100
1431440065,53.9700,53.9800,53.9100,53.9200,1300
1431440462,53.9900,53.9900,53.9400,53.9400,800
1431440552,53.9500,53.9500,53.9500,53.9500,100
1431440590,53.9800,53.9800,53.9800,53.9800,100
1431440657,53.9700,53.9900,53.9500,53.9500,500
1431440895,53.9800,53.9800,53.9800,53.9800,600
1431440956,54.0000,54.0000,53.9800,53.9800,500
1431441137,54.1300,54.1300,54.0100,54.0100,2100
1431441325,54.1000,54.1000,54.1000,54.1000,100
1431441452,54.1300,54.1300,54.1300,54.1300,900
1431441505,54.1400,54.1700,54.1400,54.1700,300
1431441553,54.2200,54.2200,54.1500,54.1500,1300
1431441646,54.2200,54.2200,54.2200,54.2200,200
1431441828,54.2300,54.2300,54.2300,54.2300,600
1431441931,54.2301,54.2700,54.2301,54.2700,300
1431442301,54.3400,54.3400,54.3400,54.3400,100
1431442576,54.3300,54.3300,54.3300,54.3300,100
1431442632,54.3100,54.3200,54.3000,54.3100,1100
1431442799,54.2900,54.2900,54.2900,54.2900,200
1431442949,54.2600,54.2600,54.2600,54.2600,200
1431443034,54.2600,54.2700,54.2600,54.2700,600
1431443129,54.3300,54.3300,54.2700,54.2700,300
1431443214,54.3500,54.3500,54.3500,54.3500,200
1431443394,54.3300,54.3300,54.3000,54.3000,300
1431443416,54.3300,54.3300,54.3300,54.3300,500
1431443572,54.3300,54.3300,54.3200,54.3300,400
1431443588,54.3100,54.3100,54.2950,54.2950,400
1431443697,54.3100,54.3100,54.3100,54.3100,200
1431443706,54.3300,54.3600,54.3100,54.3100,1300
1431443799,54.2900,54.3300,54.2650,54.3300,1300
1431443828,54.3100,54.3100,54.2850,54.2850,300
1431443901,54.2500,54.2900,54.2450,54.2450,400
1431444072,54.3000,54.3000,54.3000,54.3000,400
1431444268,54.3550,54.3900,54.3550,54.3550,600
1431444331,54.4000,54.4000,54.3650,54.3650,1200
1431444408,54.3900,54.3900,54.3900,54.3900,300
1431444470,54.3300,54.3900,54.2800,54.3900,1900
1431444534,54.3000,54.3000,54.3000,54.3000,100
1431444599,54.3000,54.3000,54.3000,54.3000,200
1431444649,54.3200,54.3200,54.2800,54.2800,200
1431444689,54.3100,54.3100,54.3100,54.3100,300
1431444926,54.2700,54.2700,54.2700,54.2700,200
1431445010,54.2500,54.2500,54.2500,54.2500,200
1431445151,54.2600,54.2600,54.2400,54.2400,300
1431445200,54.2200,54.2200,54.2200,54.2200,100
1431445363,54.1700,54.1700,54.1700,54.1700,100
1431445454,54.2100,54.2100,54.1800,54.1800,200
1431445559,54.2300,54.2300,54.2000,54.2000,1000
1431445853,54.2000,54.2000,54.1900,54.1900,500
1431445931,54.1300,54.1600,54.1300,54.1600,300
1431446183,54.2000,54.2300,54.1650,54.1650,1500
1431446460,54.2500,54.2500,54.2500,54.2500,100
1431446538,54.2100,54.2400,54.1600,54.2100,1600
1431446629,54.2300,54.2300,54.2290,54.2299,900
1431446799,54.1900,54.1900,54.1900,54.1900,100
1431446941,54.1900,54.2200,54.1900,54.1900,900
1431447015,54.1900,54.1900,54.1900,54.1900,100
1431447082,54.1400,54.1400,54.1400,54.1400,300
1431447429,54.1600,54.1700,54.1300,54.1300,1000
1431447540,54.1700,54.1700,54.1700,54.1700,100
1431447819,54.1600,54.1600,54.1600,54.1600,100
1431447870,54.2000,54.2000,54.1800,54.1800,400
1431447955,54.1600,54.1600,54.1600,54.1600,300
1431448098,54.1100,54.1100,54.1100,54.1100,100
1431448239,54.0700,54.1100,54.0700,54.1100,200
1431448377,54.1100,54.1100,54.0500,54.0500,300
1431448521,54.0650,54.0650,54.0650,54.0650,500
1431448603,54.1800,54.1800,54.0800,54.0800,1700
1431448623,54.1900,54.1900,54.1900,54.1900,100
1431448688,54.3500,54.3500,54.1500,54.1500,1300
1431448785,54.3300,54.3300,54.3300,54.3300,100
1431448895,54.2900,54.2900,54.2900,54.2900,300
1431448923,54.2900,54.2900,54.2800,54.2900,1500
1431449033,54.2950,54.2950,54.2925,54.2925,300
1431449094,54.3000,54.3000,54.3000,54.3000,300
1431449107,54.3000,54.3000,54.3000,54.3000,200
1431449370,54.3200,54.3200,54.3200,54.3200,100
1431449443,54.3300,54.3300,54.3300,54.3300,200
1431449504,54.3300,54.3300,54.3300,54.3300,200
1431449553,54.3400,54.3500,54.3400,54.3500,200
1431449601,54.3360,54.3360,54.3360,54.3360,100
1431449673,54.3100,54.3300,54.3100,54.3300,500
1431449739,54.3100,54.3100,54.2800,54.2800,500
1431449808,54.2800,54.3000,54.2800,54.3000,500
1431449834,54.2900,54.2900,54.2900,54.2900,100
1431449918,54.3300,54.3300,54.2900,54.2900,1100
1431449946,54.3100,54.3100,54.3100,54.3100,100
1431450013,54.3300,54.3300,54.3300,54.3300,100
1431450060,54.3400,54.3400,54.3300,54.3300,800
1431450153,54.3400,54.3400,54.3300,54.3400,500
1431450361,54.2700,54.2900,54.2700,54.2900,300
1431450475,54.3100,54.3100,54.3100,54.3100,100
1431450573,54.3400,54.3400,54.3400,54.3400,200
1431450849,54.3300,54.3300,54.3200,54.3200,200
1431451122,54.3800,54.3800,54.3700,54.3800,1100
1431451245,54.3400,54.3400,54.3300,54.3400,300
1431451343,54.3300,54.3300,54.3200,54.3300,900
1431451389,54.3300,54.3300,54.3300,54.3300,200
1431451586,54.3300,54.3300,54.3300,54.3300,200
1431451789,54.3300,54.3300,54.3300,54.3300,100
1431451854,54.2800,54.3300,54.2800,54.3300,900
1431451902,54.2600,54.2600,54.2500,54.2600,700
1431451973,54.2500,54.2500,54.2500,54.2500,700
1431452020,54.2400,54.2400,54.2200,54.2200,300
1431452084,54.2400,54.2400,54.2300,54.2300,200
1431452154,54.2000,54.2100,54.1800,54.2100,900
1431452165,54.1900,54.2000,54.1800,54.1850,1800
1431452224,54.2600,54.2600,54.2100,54.2100,1200
1431452533,54.2700,54.2900,54.2700,54.2900,800
1431452633,54.2600,54.2600,54.2600,54.2600,100
1431452696,54.2500,54.2500,54.2500,54.2500,200
1431452728,54.2500,54.2500,54.2500,54.2500,200
1431452760,54.2500,54.2700,54.2500,54.2500,1500
1431452822,54.2600,54.2600,54.2600,54.2600,400
1431452999,54.2500,54.2600,54.2500,54.2600,600
1431453127,54.2900,54.2900,54.2600,54.2600,700
1431453299,54.2900,54.2900,54.2800,54.2800,400
1431453404,54.2800,54.2800,54.2800,54.2800,100
1431453454,54.3000,54.3000,54.3000,54.3000,400
1431453537,54.2900,54.2900,54.2900,54.2900,300
1431453858,54.3200,54.3200,54.3200,54.3200,200
1431453954,54.3600,54.3600,54.3600,54.3600,100
1431454253,54.3500,54.3600,54.3500,54.3500,1000
1431454409,54.2900,54.2900,54.2800,54.2900,1000
1431454607,54.2700,54.2900,54.2500,54.2900,300
1431454624,54.2900,54.2900,54.2800,54.2800,800
1431455003,54.3500,54.3500,54.3500,54.3500,400
1431455344,54.3500,54.3700,54.3500,54.3700,300
1431455412,54.3600,54.3700,54.3600,54.3700,300
1431455494,54.3700,54.3700,54.3700,54.3700,200
1431455547,54.3400,54.3400,54.3400,54.3400,400
1431455784,54.3400,54.3600,54.3400,54.3600,200
1431455842,54.3700,54.3700,54.3700,54.3700,300
1431455963,54.3700,54.3700,54.3700,54.3700,200
1431456016,54.3600,54.3700,54.3600,54.3700,200
1431456183,54.3700,54.3700,54.3700,54.3700,200
1431456256,54.3600,54.3600,54.3600,54.3600,300
1431456354,54.3500,54.3600,54.3500,54.3600,800
1431456360,54.3500,54.3500,54.3500,54.3500,400
1431456453,54.3400,54.3400,54.3400,54.3400,500
1431456506,54.3400,54.3400,54.3300,54.3300,200
1431456619,54.3500,54.3500,54.3500,54.3500,100
1431456794,54.3000,54.3400,54.3000,54.3400,1500
1431456847,54.2900,54.3200,54.2900,54.3200,600
1431456911,54.2800,54.2800,54.2800,54.2800,100
1431456969,54.2500,54.2700,54.2500,54.2700,700
1431457024,54.2700,54.2700,54.2500,54.2500,1200
1431457163,54.2800,54.2800,54.2800,54.2800,700
1431457431,54.2800,54.3000,54.2800,54.3000,400
1431457720,54.2800,54.2800,54.2800,54.2800,100
1431457797,54.3100,54.3100,54.3100,54.3100,200
1431457821,54.2600,54.2800,54.2400,54.2800,2000
1431457866,54.2700,54.2700,54.2500,54.2500,1600
1431457971,54.2900,54.2900,54.2900,54.2900,800
1431458013,54.3000,54.3000,54.3000,54.3000,100
1431458107,54.3200,54.3300,54.3000,54.3100,4400
1431458237,54.3200,54.3200,54.3200,54.3200,200
1431458352,54.2800,54.3200,54.2800,54.3200,900
1431458455,54.3500,54.3500,54.3500,54.3500,600
1431458623,54.3700,54.3700,54.3600,54.3600,1500
1431458669,54.3900,54.4000,54.3700,54.3700,2000
1431458855,54.3900,54.3900,54.3500,54.3800,600
1431459041,54.3700,54.3700,54.3700,54.3700,100
1431459120,54.4400,54.4400,54.3900,54.3900,1300
1431459200,54.4200,54.4200,54.4200,54.4200,400
1431459271,54.3900,54.3900,54.3900,54.3900,100
1431459409,54.3300,54.3300,54.3250,54.3250,600
1431459477,54.3500,54.3600,54.3200,54.3300,1000
1431459507,54.3400,54.3600,54.3400,54.3600,800
1431459599,54.3200,54.3200,54.3200,54.3200,100
1431459604,54.3000,54.3200,54.3000,54.3200,600
1431459778,54.2600,54.3100,54.2600,54.3100,400
1431459818,54.3000,54.3000,54.3000,54.3000,100
1431459840,54.2800,54.2800,54.2600,54.2600,400
1431459959,54.2700,54.2700,54.2700,54.2700,600
1431460016,54.2600,54.2600,54.2600,54.2600,200
1431460021,54.2800,54.2800,54.2500,54.2500,2600
1431460088,54.3000,54.3200,54.2600,54.2600,1400
1431460233,54.2950,54.2950,54.2950,54.2950,300
1431460271,54.3000,54.3000,54.3000,54.3000,500
1431460334,54.2500,54.2700,54.2200,54.2600,2500
1431460397,54.2300,54.2700,54.2300,54.2700,500
1431460467,54.2500,54.2500,54.2500,54.2500,200
1431460512,54.2500,54.2700,54.2500,54.2550,600
1431460563,54.2700,54.2700,54.2200,54.2200,2000
1431460675,54.2300,54.2700,54.2300,54.2500,2500
1431460737,54.2300,54.2500,54.2300,54.2300,500
1431460742,54.2100,54.2700,54.2100,54.2200,18100
1431460800,54.2100,54.2100,54.2100,54.2100,0
                                                                                                                                                                                         